camera_matrix:
- - 1462.644540687966
  - 0.0
  - 643.4027088131995
- - 0.0
  - 1514.868341333704
  - 649.8161908892354
- - 0.0
  - 0.0
  - 1.0
dist_coeff:
- - -0.5112371573901754
  - 2.755943262635783
  - -0.008794753933606783
  - 0.022908667235382384
  - -6.264274599352004
